0.0102501 0.36826
0.0102819 0.366735
0.00760633 0.366362
0.00494623 0.366736
0.00227605 0.366363
-0.000389498 0.366736
-0.00305736 0.366736
-0.00572522 0.366736
-0.00572546 0.364083
-0.0057257 0.361431
-0.00839378 0.361431
-0.00840271 0.359144
-0.0110736 0.359143
-0.0110854 0.356851
-0.0137591 0.356851
-0.0164161 0.356487
-0.0191065 0.356849
-0.0191269 0.354552
-0.0218034 0.354551
-0.0218266 0.352249
-0.0218055 0.349232
-0.0244823 0.349231
-0.0245084 0.346924
-0.0272155 0.347274
-0.0299281 0.347625
-0.0299599 0.345307
-0.0299918 0.342983
-0.0326825 0.342982
-0.0353374 0.342633
-0.0379868 0.342285
-0.0380273 0.339962
-0.0381063 0.337974
-0.0407998 0.337972
-0.0408432 0.335635
-0.0408868 0.333293
-0.0381875 0.333296
-0.0381897 0.330615
-0.0382305 0.328265
-0.0409327 0.328263
-0.0436788 0.328591
-0.0436815 0.325905
-0.043728 0.323544
-0.0409789 0.323222
-0.0409814 0.320536
-0.0410664 0.31849
-0.0438213 0.318806
-0.0437802 0.315796
-0.0438269 0.313418
-0.0438298 0.310724
-0.0439205 0.308647
-0.0465937 0.308336
-0.04936 0.308641
-0.0494126 0.306247
-0.0495147 0.304151
-0.0467865 0.304154
-0.0467897 0.301446
-0.0467929 0.298738
-0.0467962 0.296029
-0.0468461 0.293613
-0.0440705 0.293324
-0.0441175 0.290905
-0.0442086 0.288767
-0.0442117 0.286049
-0.0442589 0.283613
-0.0414769 0.283335
-0.0415212 0.280896
-0.0415655 0.278451
-0.0415685 0.275727
-0.0416129 0.273273
-0.0416985 0.271082
-0.0417428 0.268615
-0.0390257 0.268883
-0.0362315 0.268621
-0.0334427 0.268358
-0.0334452 0.265624
-0.0335139 0.263411
-0.0307853 0.263673
-0.0307876 0.260931
-0.0280257 0.260933
-0.0280831 0.2587
-0.0252905 0.258447
-0.0253423 0.256206
-0.0253442 0.253454
-0.0225733 0.253456
-0.0225972 0.250951
-0.0198038 0.250706
-0.0198443 0.248441
-0.0170842 0.248686
-0.0170687 0.245685
-0.0170701 0.242926
-0.0142927 0.242927
-0.0143078 0.240404
-0.0115162 0.240169
-0.0115397 0.237876
-0.00875639 0.237877
-0.00596721 0.237644
-0.00597937 0.235342
-0.00319308 0.235343
-0.000406788 0.235343
-0.000407616 0.23303
-0.000408443 0.230705
0.00238919 0.230705
0.00518176 0.23048
0.00797664 0.230479
0.00796825 0.233029
0.0107602 0.233028
0.0135388 0.232799
0.0135531 0.230253
0.0163452 0.230252
0.0163783 0.227921
0.019176 0.22792
0.0219522 0.227696
0.0247471 0.227694
0.0275419 0.227692
0.0275708 0.225134
0.0303389 0.224912
0.0331337 0.22491
0.0359635 0.225127
0.0360013 0.222562
0.0387638 0.222343
0.0415612 0.22234
0.0414771 0.224682
0.0415144 0.227679
0.0443086 0.227676
0.0471487 0.227895
0.0499453 0.227891
0.0527419 0.227887
0.0554842 0.227661
0.0554259 0.230214
0.0554217 0.232988
0.0582121 0.232984
0.0609428 0.232752
0.0637301 0.232747
0.0636631 0.235288
0.0665124 0.235513
0.069367 0.235738
0.0692941 0.238279
0.0720805 0.238273
0.0717934 0.240101
0.0746418 0.240331
0.0746363 0.243093
0.0774897 0.243326
0.0802698 0.24332
0.0831311 0.243552
0.0830437 0.246078
0.0828749 0.248354
0.0827876 0.250865
0.0856426 0.251105
0.0884162 0.251099
0.088323 0.253607
0.0882299 0.25611
0.0880501 0.258352
0.0909015 0.2586
0.0906266 0.260577
0.0934749 0.260827
0.0962336 0.260821
0.0990897 0.261071
0.0990827 0.263816
0.0989782 0.266299
0.0988737 0.268775
0.0986717 0.270978
0.0985673 0.273441
0.098463 0.275897
0.0984563 0.278625
0.1013 0.278894
0.104046 0.278887
0.10373 0.28078
0.103723 0.283502
0.106672 0.284058
0.109524 0.284332
0.112158 0.284044
0.112039 0.286486
0.11181 0.288636
0.109293 0.289217
0.106553 0.289224
0.103813 0.289231
0.103703 0.291665
0.103696 0.294386
0.106433 0.294379
0.106215 0.296509
0.106209 0.299224
0.103477 0.299231
0.103162 0.301044
0.103053 0.303448
0.102841 0.30554
0.102834 0.308238
0.102828 0.310936
0.105543 0.31093
0.105642 0.313942
0.105531 0.316327
0.102713 0.316016
0.102605 0.318392
0.0997958 0.318078
0.0970897 0.318084
0.0968892 0.320129
0.0969813 0.323138
0.0969759 0.325826
0.0970682 0.328843
0.0944571 0.329178
0.0943573 0.331538
0.0942577 0.333892
0.0941581 0.336241
0.0938693 0.337902
0.0911773 0.337907
0.0909888 0.339896
0.0883023 0.339901
0.0857022 0.340249
0.0856115 0.342576
0.0855209 0.344898
0.0855169 0.347567
0.0827493 0.347219
0.0800682 0.347223
0.0799835 0.349534
0.0773051 0.349538
0.0747023 0.349896
0.0746233 0.352204
0.0719449 0.352208
0.0692664 0.352211
0.0691931 0.354514
0.0664498 0.354157
0.0664469 0.356816
0.0637739 0.356818
0.0611009 0.356821
0.0584278 0.356824
0.0583659 0.359116
0.0556955 0.359119
0.0529712 0.358756
0.0530229 0.361777
0.0529668 0.364062
0.0529648 0.366715
0.0503485 0.367091
0.0476298 0.366719
0.0449165 0.366348
0.0422948 0.366723
0.0396272 0.366724
0.0395853 0.369002
0.0369205 0.369003
0.0342556 0.369005
0.0342919 0.366727
0.0316242 0.366729
0.028986 0.367103
0.0263155 0.367104
0.0236451 0.367105
0.0209746 0.367106
0.0209524 0.369386
0.0182661 0.369011
0.0155693 0.368259
0.0129097 0.36826
