0.17242 0.0477302 0.884041
0.174744 0.050118 0.883586
0.173541 0.0521688 0.877503
0.173502 0.0569475 0.877305
0.171265 0.0593977 0.878118
0.171211 0.0617756 0.87784
0.168806 0.0641693 0.877799
0.166067 0.0640373 0.875993
0.163157 0.0638345 0.873219
0.15984 0.066825 0.881216
0.157208 0.0691314 0.87995
0.155269 0.0693387 0.882588
0.152977 0.0718033 0.883264
0.150127 0.0715941 0.880691
0.146695 0.0710965 0.87457
0.143088 0.0681283 0.867181
0.141183 0.068352 0.870029
0.137937 0.0715074 0.879624
0.13978 0.0748964 0.891376
0.137019 0.0747179 0.889252
0.134184 0.0744919 0.886562
0.132025 0.07464 0.888324
0.129655 0.0746715 0.888699
0.126473 0.0742281 0.883422
0.123799 0.0764781 0.881556
0.121143 0.078723 0.879746
0.11821 0.0783713 0.875815
0.114513 0.0815352 0.884195
0.112393 0.0817489 0.886513
0.110652 0.0822536 0.891986
0.10663 0.0804589 0.899145
0.10306 0.0795979 0.889523
0.0982192 0.08204 0.889669
0.0978909 0.0841866 0.886695
0.0971323 0.0859363 0.879824
0.0968286 0.0880622 0.877073
0.0968706 0.090496 0.877453
0.0970451 0.093059 0.879034
0.0973853 0.0957936 0.882115
0.0948768 0.0980985 0.881185
0.0929517 0.101027 0.885767
0.0902298 0.100688 0.882797
0.0882173 0.103565 0.886794
0.0854617 0.105573 0.883338
0.0858032 0.108416 0.886867
0.0829234 0.110228 0.881991
0.0829271 0.112641 0.882031
0.083494 0.115836 0.888061
0.0836587 0.118494 0.889812
0.0839804 0.121388 0.893234
0.083687 0.123394 0.890112
0.0837133 0.125864 0.890393
0.0836404 0.128183 0.889617
0.0809566 0.127781 0.886825
0.0784736 0.127681 0.886127
0.0759675 0.127535 0.885116
0.0736161 0.127648 0.885901
0.0711368 0.127539 0.885146
0.0686925 0.129903 0.88479
0.0688188 0.132563 0.886417
0.0664249 0.135036 0.886767
0.0642718 0.138032 0.890479
0.0617817 0.14033 0.889632
0.0593594 0.142775 0.88973
0.0593522 0.145186 0.889621
0.059235 0.147323 0.887865
0.0591409 0.14951 0.886455
0.058747 0.150918 0.88055
0.0587603 0.153357 0.88075
0.058848 0.155994 0.882064
0.0564203 0.158347 0.88176
0.0565864 0.161228 0.884356
0.0545567 0.164805 0.890638
0.0569842 0.167224 0.890573
0.0566785 0.168746 0.885795
0.0569076 0.171856 0.889376
0.0544166 0.174083 0.888351
0.0517041 0.17071 0.883445
0.0492739 0.170647 0.883119
0.0469339 0.170906 0.884459
0.0439706 0.17357 0.873562
0.0443313 0.177399 0.880727
0.0468146 0.180106 0.882211
0.0491593 0.179872 0.881064
0.049153 0.182254 0.880952
0.0466537 0.184288 0.879178
0.0466816 0.1868 0.879705
0.0492718 0.189928 0.883081
0.0516727 0.189891 0.882908
0.0515328 0.191781 0.880518
0.0547953 0.194833 0.894532
0.0545874 0.196527 0.89114
0.0542304 0.197659 0.885311
0.0562186 0.20096 0.878608
0.0559112 0.202247 0.873804
0.0585921 0.205669 0.878229
0.0602135 0.207785 0.86705
0.061097 0.208432 0.879771
0.0623552 0.209395 0.863925
0.0654935 0.20953 0.874333
0.0661738 0.209295 0.883414
0.0682664 0.20832 0.879302
0.0693924 0.20692 0.863441
0.0703262 0.207315 0.875059
0.0729236 0.207909 0.877566
0.0758091 0.209261 0.88327
0.0781914 0.209182 0.88294
0.0803165 0.213246 0.879813
0.0828442 0.215975 0.881149
0.0853522 0.217327 0.857994
0.0862615 0.217275 0.867134
0.0875091 0.216867 0.856178
0.0898679 0.216919 0.85638
0.0919621 0.216345 0.854114
0.0943563 0.216488 0.854679
0.0970619 0.214978 0.857968
0.0995866 0.215372 0.859541
0.101844 0.215184 0.858791
0.10455 0.21593 0.861764
0.107724 0.217588 0.868385
0.110438 0.218266 0.871089
0.113222 0.219051 0.874222
0.115676 0.219178 0.87473
0.116816 0.221588 0.865484
0.118462 0.222313 0.877678
0.120411 0.223879 0.874433
0.119817 0.225149 0.870116
0.119665 0.227237 0.869016
0.117667 0.230343 0.871791
0.118414 0.234252 0.859928
0.117462 0.237027 0.853016
0.117732 0.239905 0.854974
0.117323 0.241398 0.852005
0.117453 0.243995 0.852951
0.119612 0.245974 0.851741
0.122364 0.246834 0.854718
0.122494 0.249434 0.855632
0.122552 0.251889 0.856035
0.120012 0.253796 0.854587
0.119609 0.25527 0.85172
0.117086 0.25484 0.850286
0.114307 0.256137 0.846899
0.111215 0.256648 0.840996
0.106853 0.254901 0.842811
0.105117 0.256279 0.847367
0.103156 0.254837 0.850276
0.100567 0.254161 0.848021
0.0982896 0.254259 0.848347
0.0960295 0.254407 0.848843
0.0939021 0.254923 0.850564
0.0915222 0.254763 0.850029
0.0892811 0.25499 0.850788
0.0869114 0.254853 0.85033
0.0845038 0.254594 0.849465
0.082016 0.254072 0.847722
0.079678 0.253997 0.847473
0.07739 0.254081 0.847755
0.0751184 0.254227 0.84824
0.0728272 0.254313 0.848528
0.0704136 0.253963 0.847361
0.0657398 0.256094 0.846757
0.063342 0.255747 0.84561
0.0611699 0.25632 0.847503
0.0588705 0.256383 0.847712
0.0564072 0.2534 0.84548
0.0541719 0.253742 0.846621
0.051889 0.253882 0.847088
0.0495497 0.253745 0.846633
0.0471812 0.253439 0.845612
0.0448861 0.253516 0.845869
0.0425401 0.253298 0.845142
0.0403323 0.253925 0.847234
0.0381391 0.254726 0.849907
0.0358731 0.255113 0.851198
0.0335621 0.255212 0.851527
0.0312802 0.255563 0.852699
0.028997 0.255959 0.854019
0.0266852 0.25615 0.854657
0.0220092 0.256043 0.854299
0.0196132 0.255215 0.851538
0.0172553 0.254727 0.849911
0.0149596 0.252826 0.851322
0.012636 0.25284 0.851369
0.0102942 0.252413 0.849932
0.00798201 0.255 0.85082
0.00565743 0.254926 0.850572
0.0033757 0.255672 0.860903
0.00102708 0.253775 0.862444
0.00102347 0.250537 0.859415
0.00101866 0.247025 0.855379
0.00102352 0.245856 0.859456
0.001028 0.244575 0.863218
0.003336 0.241051 0.850781
0.00570542 0.238352 0.857786
0.00568479 0.235157 0.854684
0.00573655 0.234943 0.862466
0.00806914 0.234301 0.860107
0.0102568 0.230689 0.846847
0.010329 0.229984 0.852809
0.0103753 0.228676 0.856632
0.0104083 0.227056 0.859352
0.0104391 0.225376 0.861899
0.0104463 0.223175 0.862488
0.0104073 0.219996 0.859268
0.0104497 0.218538 0.862774
0.0127835 0.215815 0.861309
0.0151183 0.213227 0.860353
0.0151259 0.210983 0.860782
0.0174862 0.208755 0.861287
0.0200376 0.206108 0.869963
0.0199614 0.202959 0.866657
0.0199215 0.200192 0.864926
0.0200002 0.198612 0.868342
0.0226975 0.196699 0.881014
0.0227219 0.194503 0.881963
0.022822 0.192942 0.885848
0.0227384 0.189825 0.882601
0.020358 0.187685 0.883873
0.0203658 0.185343 0.884214
0.0203096 0.182424 0.881773
0.022727 0.180096 0.882159
0.0227619 0.17796 0.883516
0.0226476 0.174666 0.879079
0.022589 0.171821 0.876803
0.0202041 0.169502 0.877194
0.0226442 0.167441 0.878947
0.0225282 0.164196 0.874445
0.0224773 0.161443 0.872467
0.022517 0.159342 0.87401
0.0227641 0.156265 0.8836
0.0203262 0.153661 0.882495
0.0224332 0.149239 0.870757
0.0224733 0.147125 0.872315
0.0223539 0.143974 0.867678
0.0225224 0.142672 0.87422
0.0227939 0.141977 0.884759
0.0227353 0.136793 0.882482
0.022584 0.133489 0.876609
0.0203149 0.131902 0.882002
0.02273 0.129535 0.882279
0.0227258 0.127102 0.882114
0.0203352 0.124803 0.882884
0.0226797 0.122038 0.880325
0.0228098 0.12032 0.885376
0.022703 0.117351 0.88123
0.0204631 0.11346 0.88844
0.0180314 0.110997 0.88814
0.0156788 0.109075 0.892251
0.0132877 0.107 0.895274
0.0108355 0.10448 0.894624
0.00838435 0.101932 0.893707
0.00592332 0.0991405 0.890546
0.00346667 0.0960096 0.884104
0.00105777 0.0964564 0.888218
-0.00136677 0.0964219 0.8879
-0.00377171 0.0935209 0.883396
-0.0061936 0.0912567 0.884829
-0.0086425 0.0916078 0.888232
-0.011021 0.0936373 0.884496
-0.0132773 0.0925322 0.874057
-0.0156106 0.0922186 0.871095
-0.0179573 0.0896828 0.869568
-0.0179775 0.0874067 0.870544
-0.0179893 0.0827075 0.871116
-0.0204359 0.0805983 0.874036
-0.020222 0.0773934 0.864887
-0.0201742 0.0748545 0.86284
-0.0202681 0.0728364 0.866859
-0.022638 0.0704796 0.866981
-0.0250962 0.0707366 0.870142
-0.0276399 0.071169 0.875461
-0.0301147 0.0713696 0.877928
-0.0323661 0.0686638 0.873998
-0.0348012 0.0663709 0.875227
-0.0346167 0.0636422 0.870589
-0.0346908 0.0613965 0.872453
-0.0346207 0.0588951 0.870688
-0.0321756 0.0563989 0.868854
-0.0297547 0.0539384 0.867434
-0.0272987 0.0537656 0.864654
-0.0246917 0.0532346 0.856115
-0.0223685 0.0532684 0.856659
-0.0201797 0.0513111 0.863077
-0.0201447 0.0488698 0.86158
-0.0200615 0.0463254 0.858022
-0.0199886 0.043823 0.854905
-0.0228927 0.0401547 0.876735
-0.0204288 0.0376317 0.873733
-0.0204065 0.0352077 0.872778
-0.0179833 0.0327514 0.870824
-0.0155582 0.0326516 0.868172
-0.0132525 0.0328116 0.872427
-0.0109134 0.0329407 0.875858
-0.00854075 0.0330128 0.877775
-0.00613731 0.0329756 0.876787
-0.00373003 0.0328571 0.873635
-0.00134661 0.032901 0.874804
0.00104088 0.0328721 0.874034
0.00343112 0.0329099 0.875038
0.00581711 0.0328926 0.874579
0.00823352 0.0330073 0.877629
0.0080974 0.0348181 0.86312
0.0104712 0.037236 0.864545
0.0128653 0.0397004 0.866817
0.0152873 0.0398449 0.869971
0.0177064 0.0375628 0.872132
0.0200448 0.0351068 0.870277
0.0224909 0.0328331 0.872998
0.0248211 0.0327628 0.871127
0.0273061 0.0328912 0.874541
0.0297967 0.0330051 0.877571
0.0321169 0.0305372 0.875508
0.0344933 0.0305249 0.875155
0.0370514 0.0306645 0.879159
0.0393703 0.0329966 0.877345
0.0416803 0.0329291 0.87555
0.0440181 0.0328898 0.874505
0.0462781 0.0327994 0.8721
0.0485731 0.0327414 0.870558
0.0510448 0.0328023 0.87218
0.0539296 0.0307078 0.8804
0.0564685 0.0283721 0.882513
0.0587079 0.0282901 0.879965
0.0608324 0.030553 0.875961
0.0634715 0.0306726 0.879391
0.0654441 0.0328585 0.873674
0.0677132 0.0328022 0.872177
0.0701996 0.0304666 0.873485
0.0724027 0.0303903 0.871297
0.0720856 0.0326257 0.867483
0.0746949 0.0351073 0.870289
0.0785483 0.0370594 0.860444
0.080621 0.0369327 0.857502
0.0829764 0.036939 0.85765
0.0860103 0.0348782 0.864609
0.0859273 0.0324862 0.863775
0.0895856 0.0305716 0.876493
0.0922386 0.0330577 0.878971
0.094539 0.0354203 0.878048
0.0964948 0.0376453 0.874049
0.0989442 0.0376694 0.874607
0.100851 0.0374907 0.870458
0.103786 0.0376934 0.875166
0.105507 0.0374562 0.869658
0.107925 0.0374712 0.870006
0.110082 0.037397 0.868284
0.11241 0.037383 0.867959
0.114712 0.0373607 0.86744
0.117107 0.0373692 0.867638
0.119906 0.0375038 0.870764
0.121884 0.0397509 0.867918
0.124469 0.0421937 0.869426
0.126893 0.0445849 0.869767
0.131575 0.0445622 0.869325
0.134994 0.042518 0.876108
0.136914 0.0447559 0.873103
0.140209 0.0450484 0.87881
0.142515 0.0426214 0.87824
0.143717 0.0422695 0.870988
0.14644 0.0447529 0.873045
0.149563 0.0408386 0.891666
0.151821 0.0432228 0.890632
0.154773 0.0433687 0.893638
0.157757 0.0410705 0.89673
0.162181 0.0444939 0.867993
0.158783 0.0472631 0.875389
0.155485 0.0446125 0.870307
0.164058 0.0538114 0.865391
0.169417 0.0523751 0.880974
0.1695 0.0499945 0.881408
0.166626 0.0474548 0.87894
0.161789 0.0491144 0.865893
