0.17242 0.0477302
0.174744 0.050118
0.173541 0.0521688
0.173502 0.0569475
0.171265 0.0593977
0.171211 0.0617756
0.168806 0.0641693
0.166067 0.0640373
0.163157 0.0638345
0.15984 0.066825
0.157208 0.0691314
0.155269 0.0693387
0.152977 0.0718033
0.150127 0.0715941
0.146695 0.0710965
0.143088 0.0681283
0.141183 0.068352
0.137937 0.0715074
0.13978 0.0748964
0.137019 0.0747179
0.134184 0.0744919
0.132025 0.07464
0.129655 0.0746715
0.126473 0.0742281
0.123799 0.0764781
0.121143 0.078723
0.11821 0.0783713
0.114513 0.0815352
0.112393 0.0817489
0.110652 0.0822536
0.10663 0.0804589
0.10306 0.0795979
0.0982192 0.08204
0.0978909 0.0841866
0.0971323 0.0859363
0.0968286 0.0880622
0.0968706 0.090496
0.0970451 0.093059
0.0973853 0.0957936
0.0948768 0.0980985
0.0929517 0.101027
0.0902298 0.100688
0.0882173 0.103565
0.0854617 0.105573
0.0858032 0.108416
0.0829234 0.110228
0.0829271 0.112641
0.083494 0.115836
0.0836587 0.118494
0.0839804 0.121388
0.083687 0.123394
0.0837133 0.125864
0.0836404 0.128183
0.0809566 0.127781
0.0784736 0.127681
0.0759675 0.127535
0.0736161 0.127648
0.0711368 0.127539
0.0686925 0.129903
0.0688188 0.132563
0.0664249 0.135036
0.0642718 0.138032
0.0617817 0.14033
0.0593594 0.142775
0.0593522 0.145186
0.059235 0.147323
0.0591409 0.14951
0.058747 0.150918
0.0587603 0.153357
0.058848 0.155994
0.0564203 0.158347
0.0565864 0.161228
0.0545567 0.164805
0.0569842 0.167224
0.0566785 0.168746
0.0569076 0.171856
0.0544166 0.174083
0.0517041 0.17071
0.0492739 0.170647
0.0469339 0.170906
0.0439706 0.17357
0.0443313 0.177399
0.0468146 0.180106
0.0491593 0.179872
0.049153 0.182254
0.0466537 0.184288
0.0466816 0.1868
0.0492718 0.189928
0.0516727 0.189891
0.0515328 0.191781
0.0547953 0.194833
0.0545874 0.196527
0.0542304 0.197659
0.0562186 0.20096
0.0559112 0.202247
0.0585921 0.205669
0.0602135 0.207785
0.061097 0.208432
0.0623552 0.209395
0.0654935 0.20953
0.0661738 0.209295
0.0682664 0.20832
0.0693924 0.20692
0.0703262 0.207315
0.0729236 0.207909
0.0758091 0.209261
0.0781914 0.209182
0.0803165 0.213246
0.0828442 0.215975
0.0853522 0.217327
0.0862615 0.217275
0.0875091 0.216867
0.0898679 0.216919
0.0919621 0.216345
0.0943563 0.216488
0.0970619 0.214978
0.0995866 0.215372
0.101844 0.215184
0.10455 0.21593
0.107724 0.217588
0.110438 0.218266
0.113222 0.219051
0.115676 0.219178
0.116816 0.221588
0.118462 0.222313
0.120411 0.223879
0.119817 0.225149
0.119665 0.227237
0.117667 0.230343
0.118414 0.234252
0.117462 0.237027
0.117732 0.239905
0.117323 0.241398
0.117453 0.243995
0.119612 0.245974
0.122364 0.246834
0.122494 0.249434
0.122552 0.251889
0.120012 0.253796
0.119609 0.25527
0.117086 0.25484
0.114307 0.256137
0.111215 0.256648
0.106853 0.254901
0.105117 0.256279
0.103156 0.254837
0.100567 0.254161
0.0982896 0.254259
0.0960295 0.254407
0.0939021 0.254923
0.0915222 0.254763
0.0892811 0.25499
0.0869114 0.254853
0.0845038 0.254594
0.082016 0.254072
0.079678 0.253997
0.07739 0.254081
0.0751184 0.254227
0.0728272 0.254313
0.0704136 0.253963
0.0657398 0.256094
0.063342 0.255747
0.0611699 0.25632
0.0588705 0.256383
0.0564072 0.2534
0.0541719 0.253742
0.051889 0.253882
0.0495497 0.253745
0.0471812 0.253439
0.0448861 0.253516
0.0425401 0.253298
0.0403323 0.253925
0.0381391 0.254726
0.0358731 0.255113
0.0335621 0.255212
0.0312802 0.255563
0.028997 0.255959
0.0266852 0.25615
0.0220092 0.256043
0.0196132 0.255215
0.0172553 0.254727
0.0149596 0.252826
0.012636 0.25284
0.0102942 0.252413
0.00798201 0.255
0.00565743 0.254926
0.0033757 0.255672
0.00102708 0.253775
0.00102347 0.250537
0.00101866 0.247025
0.00102352 0.245856
0.001028 0.244575
0.003336 0.241051
0.00570542 0.238352
0.00568479 0.235157
0.00573655 0.234943
0.00806914 0.234301
0.0102568 0.230689
0.010329 0.229984
0.0103753 0.228676
0.0104083 0.227056
0.0104391 0.225376
0.0104463 0.223175
0.0104073 0.219996
0.0104497 0.218538
0.0127835 0.215815
0.0151183 0.213227
0.0151259 0.210983
0.0174862 0.208755
0.0200376 0.206108
0.0199614 0.202959
0.0199215 0.200192
0.0200002 0.198612
0.0226975 0.196699
0.0227219 0.194503
0.022822 0.192942
0.0227384 0.189825
0.020358 0.187685
0.0203658 0.185343
0.0203096 0.182424
0.022727 0.180096
0.0227619 0.17796
0.0226476 0.174666
0.022589 0.171821
0.0202041 0.169502
0.0226442 0.167441
0.0225282 0.164196
0.0224773 0.161443
0.022517 0.159342
0.0227641 0.156265
0.0203262 0.153661
0.0224332 0.149239
0.0224733 0.147125
0.0223539 0.143974
0.0225224 0.142672
0.0227939 0.141977
0.0227353 0.136793
0.022584 0.133489
0.0203149 0.131902
0.02273 0.129535
0.0227258 0.127102
0.0203352 0.124803
0.0226797 0.122038
0.0228098 0.12032
0.022703 0.117351
0.0204631 0.11346
0.0180314 0.110997
0.0156788 0.109075
0.0132877 0.107
0.0108355 0.10448
0.00838435 0.101932
0.00592332 0.0991405
0.00346667 0.0960096
0.00105777 0.0964564
-0.00136677 0.0964219
-0.00377171 0.0935209
-0.0061936 0.0912567
-0.0086425 0.0916078
-0.011021 0.0936373
-0.0132773 0.0925322
-0.0156106 0.0922186
-0.0179573 0.0896828
-0.0179775 0.0874067
-0.0179893 0.0827075
-0.0204359 0.0805983
-0.020222 0.0773934
-0.0201742 0.0748545
-0.0202681 0.0728364
-0.022638 0.0704796
-0.0250962 0.0707366
-0.0276399 0.071169
-0.0301147 0.0713696
-0.0323661 0.0686638
-0.0348012 0.0663709
-0.0346167 0.0636422
-0.0346908 0.0613965
-0.0346207 0.0588951
-0.0321756 0.0563989
-0.0297547 0.0539384
-0.0272987 0.0537656
-0.0246917 0.0532346
-0.0223685 0.0532684
-0.0201797 0.0513111
-0.0201447 0.0488698
-0.0200615 0.0463254
-0.0199886 0.043823
-0.0228927 0.0401547
-0.0204288 0.0376317
-0.0204065 0.0352077
-0.0179833 0.0327514
-0.0155582 0.0326516
-0.0132525 0.0328116
-0.0109134 0.0329407
-0.00854075 0.0330128
-0.00613731 0.0329756
-0.00373003 0.0328571
-0.00134661 0.032901
0.00104088 0.0328721
0.00343112 0.0329099
0.00581711 0.0328926
0.00823352 0.0330073
0.0080974 0.0348181
0.0104712 0.037236
0.0128653 0.0397004
0.0152873 0.0398449
0.0177064 0.0375628
0.0200448 0.0351068
0.0224909 0.0328331
0.0248211 0.0327628
0.0273061 0.0328912
0.0297967 0.0330051
0.0321169 0.0305372
0.0344933 0.0305249
0.0370514 0.0306645
0.0393703 0.0329966
0.0416803 0.0329291
0.0440181 0.0328898
0.0462781 0.0327994
0.0485731 0.0327414
0.0510448 0.0328023
0.0539296 0.0307078
0.0564685 0.0283721
0.0587079 0.0282901
0.0608324 0.030553
0.0634715 0.0306726
0.0654441 0.0328585
0.0677132 0.0328022
0.0701996 0.0304666
0.0724027 0.0303903
0.0720856 0.0326257
0.0746949 0.0351073
0.0785483 0.0370594
0.080621 0.0369327
0.0829764 0.036939
0.0860103 0.0348782
0.0859273 0.0324862
0.0895856 0.0305716
0.0922386 0.0330577
0.094539 0.0354203
0.0964948 0.0376453
0.0989442 0.0376694
0.100851 0.0374907
0.103786 0.0376934
0.105507 0.0374562
0.107925 0.0374712
0.110082 0.037397
0.11241 0.037383
0.114712 0.0373607
0.117107 0.0373692
0.119906 0.0375038
0.121884 0.0397509
0.124469 0.0421937
0.126893 0.0445849
0.131575 0.0445622
0.134994 0.042518
0.136914 0.0447559
0.140209 0.0450484
0.142515 0.0426214
0.143717 0.0422695
0.14644 0.0447529
0.149563 0.0408386
0.151821 0.0432228
0.154773 0.0433687
0.157757 0.0410705
0.162181 0.0444939
0.158783 0.0472631
0.155485 0.0446125
0.164058 0.0538114
0.169417 0.0523751
0.1695 0.0499945
0.166626 0.0474548
0.161789 0.0491144
