0.1795 0.257042 0.760628
0.176185 0.258271 0.764264
0.173717 0.257705 0.762589
0.169813 0.254969 0.754494
0.167704 0.254893 0.75427
0.165034 0.253955 0.751493
0.163188 0.254275 0.752439
0.159307 0.254639 0.753518
0.157075 0.254356 0.75268
0.153066 0.252468 0.753177
0.151024 0.252491 0.753246
0.148747 0.254172 0.752135
0.147625 0.257852 0.756909
0.143561 0.255908 0.757272
0.140308 0.257528 0.762065
0.138491 0.258018 0.763516
0.135865 0.254918 0.760488
0.13211 0.25777 0.762783
0.129558 0.256839 0.760027
0.127684 0.257246 0.76123
0.125566 0.257164 0.760989
0.123704 0.257611 0.762313
0.121838 0.258069 0.763666
0.119803 0.258176 0.763985
0.117705 0.258149 0.763903
0.115467 0.257809 0.762898
0.111107 0.25528 0.761567
0.112695 0.254172 0.758262
0.111259 0.24889 0.748601
0.109214 0.248887 0.748591
0.107387 0.24939 0.750106
0.105852 0.250605 0.753759
0.108981 0.25517 0.761238
0.104901 0.257438 0.761799
0.102716 0.257174 0.761019
0.100051 0.255673 0.756578
0.0954983 0.256607 0.753254
0.0915244 0.256997 0.754401
0.0896685 0.257583 0.756119
0.0878123 0.258195 0.757917
0.0857414 0.25819 0.757902
0.0812182 0.254913 0.754328
0.0791653 0.254935 0.754392
0.0770005 0.254587 0.753363
0.0747336 0.253873 0.751252
0.0725969 0.253574 0.750366
0.0686242 0.256088 0.751732
0.0667886 0.256922 0.754179
0.0646856 0.256747 0.753667
0.0626657 0.256902 0.754122
0.0604342 0.256171 0.751974
0.0584665 0.256546 0.753075
0.0565847 0.257338 0.7554
0.05448 0.257139 0.754815
0.0503946 0.257323 0.755358
0.048463 0.258019 0.7574
0.0463491 0.257763 0.756648
0.0421511 0.255295 0.755459
0.0401489 0.253614 0.756598
0.0379079 0.252447 0.753114
0.0337104 0.249759 0.751216
0.0317353 0.250358 0.753016
0.029584 0.249554 0.750597
0.0274838 0.247047 0.749209
0.023445 0.247598 0.750883
0.0193385 0.247517 0.750634
0.0172389 0.246798 0.748456
0.0151859 0.246643 0.747985
0.0111567 0.249919 0.751696
0.0090894 0.249508 0.75046
0.00500641 0.25025 0.752692
0.00296307 0.25124 0.755671
0.000908228 0.251478 0.762647
-0.00116781 0.254301 0.758646
-0.00325623 0.25773 0.762663
-0.00532483 0.257071 0.760714
-0.00949533 0.257523 0.762052
-0.0115718 0.257432 0.761782
-0.0135939 0.256343 0.75856
-0.0156819 0.256621 0.759383
-0.0177545 0.256611 0.759352
-0.0177735 0.252734 0.760164
-0.0197546 0.251534 0.756555
-0.0238793 0.253531 0.75635
-0.0259091 0.253187 0.755323
-0.0279857 0.251254 0.755712
-0.0300144 0.250965 0.754842
-0.0320793 0.250997 0.754938
-0.0342173 0.251562 0.756636
-0.0365262 0.253248 0.761707
-0.0384612 0.252299 0.758853
-0.0425398 0.249844 0.757694
-0.0446572 0.250118 0.758522
-0.0490235 0.247107 0.762011
-0.0513141 0.246034 0.765144
-0.0508193 0.241593 0.757766
-0.0530103 0.240077 0.759515
-0.0556704 0.240537 0.767602
-0.0577174 0.23824 0.766955
-0.0601967 0.237668 0.771895
-0.0624672 0.236177 0.773916
-0.0647543 0.234695 0.776003
-0.066525 0.231366 0.771965
-0.0668925 0.230525 0.776229
-0.0641877 0.228441 0.769212
-0.0641408 0.226176 0.76865
-0.0661781 0.221773 0.76794
-0.0633776 0.219337 0.759505
-0.0634735 0.217592 0.760654
-0.0636248 0.216029 0.762467
-0.0631984 0.212514 0.757357
-0.0636042 0.209716 0.76222
-0.0638907 0.208571 0.765654
-0.0642399 0.207609 0.769838
-0.0617118 0.204097 0.764557
-0.0639661 0.200445 0.766557
-0.0616727 0.19771 0.764073
-0.0634244 0.194597 0.760065
-0.0632876 0.192107 0.758426
-0.0631753 0.189699 0.75708
-0.0634404 0.188419 0.760257
-0.0654946 0.184208 0.760008
-0.0667911 0.17939 0.775052
-0.0665807 0.176716 0.772611
-0.0666237 0.174719 0.773111
-0.0665907 0.172523 0.772727
-0.0662719 0.169597 0.769028
-0.063447 0.16768 0.760336
-0.0647737 0.163711 0.751643
-0.0649499 0.162099 0.753688
-0.0638224 0.158232 0.764836
-0.0640391 0.156674 0.767432
-0.063893 0.154226 0.765682
-0.0635122 0.151229 0.761118
-0.0632467 0.148527 0.757936
-0.0634955 0.147034 0.760917
-0.0638231 0.145704 0.764844
-0.0641415 0.144332 0.768659
-0.0683572 0.142272 0.768867
-0.0642426 0.142458 0.769871
-0.0634841 0.138699 0.760781
-0.0639302 0.137582 0.766127
-0.0639165 0.135461 0.765962
-0.0659637 0.133281 0.765452
-0.0656824 0.130632 0.762187
-0.0635412 0.128429 0.761465
-0.0635034 0.126275 0.761012
-0.0661385 0.123157 0.76748
-0.0681909 0.120985 0.766996
-0.0658236 0.1184 0.763826
-0.0635527 0.115976 0.761603
-0.0636024 0.113986 0.762199
-0.063652 0.111992 0.762793
-0.0666348 0.109304 0.773239
-0.0663181 0.106683 0.769564
-0.0642009 0.102455 0.769371
-0.0645346 0.100876 0.773369
-0.0645479 0.098785 0.773529
-0.0644753 0.0965644 0.77266
-0.0663733 0.092052 0.770205
-0.0660226 0.0894739 0.766136
-0.0661613 0.0875657 0.767744
-0.0662814 0.0856248 0.769138
-0.0641423 0.0834739 0.768669
-0.063795 0.0809346 0.764506
-0.0637155 0.0787491 0.763554
-0.0657973 0.0745765 0.763521
-0.0621506 0.072748 0.7448
-0.0623799 0.0689345 0.747549
-0.063187 0.067759 0.757221
-0.0632612 0.0657687 0.758109
-0.0632035 0.0636408 0.757418
-0.06317 0.0615403 0.757017
-0.0629198 0.0592379 0.754019
-0.0610081 0.0552537 0.755839
-0.0615475 0.0536604 0.762521
-0.06387 0.0517736 0.765406
-0.0633292 0.0492632 0.758924
-0.0638124 0.0475512 0.764715
-0.0612571 0.045119 0.758923
-0.061312 0.0430856 0.759604
-0.0590437 0.03881 0.757111
-0.0608791 0.0345444 0.754241
-0.0612554 0.032686 0.758903
-0.0616704 0.0308214 0.764045
-0.0615604 0.0266019 0.762681
-0.0614739 0.0244851 0.76161
-0.0635957 0.0224207 0.762119
-0.0615219 0.0203423 0.762205
-0.0595551 0.0182963 0.763668
-0.0616552 0.0141299 0.763856
-0.0618255 0.0120776 0.765965
-0.0594384 0.00993691 0.762172
-0.0595231 0.00786721 0.763258
-0.0594296 0.00577426 0.762059
-0.0601819 0.0016335 0.771706
-0.0578914 0.00162834 0.769267
-0.0557221 0.00372399 0.768314
-0.0543678 0.00377562 0.778966
-0.0523475 0.00378331 0.780554
-0.0501813 0.00378066 0.780007
-0.047968 0.00377408 0.778649
-0.0457955 0.00377024 0.777857
-0.043641 0.00164536 0.777309
-0.0437112 -0.000477632 0.778558
-0.0417838 -0.00261568 0.782269
-0.039697 -0.00689573 0.783236
-0.0398137 -0.00906069 0.785539
-0.0372834 -0.00896795 0.777498
-0.0354795 -0.0111913 0.784548
-0.0331563 -0.0111304 0.780283
-0.0309432 -0.0111007 0.778202
-0.028781 -0.0110863 0.777189
-0.0266876 -0.0132223 0.778019
-0.0244895 -0.0131825 0.775678
-0.0223303 -0.0131581 0.77424
-0.0222879 -0.0110232 0.77277
-0.022227 -0.00888906 0.770658
-0.0202889 -0.00684096 0.777015
-0.0181979 -0.0068524 0.778315
-0.0161309 -0.00687714 0.781125
-0.0139909 -0.0068735 0.780712
-0.0118921 -0.00902986 0.782865
-0.00968473 -0.00896512 0.777252
-0.00756736 -0.0110941 0.777735
-0.00545736 -0.0111214 0.779648
-0.00333837 -0.0132883 0.781902
-0.00341469 -0.0179592 0.799778
-0.00122981 -0.0223026 0.798927
0.000950947 -0.0222912 0.798519
0.00312322 -0.0222353 0.796514
0.0052915 -0.0222085 0.795555
0.00743895 -0.0221353 0.792933
0.00962375 -0.0221812 0.794578
0.0119128 -0.0224063 0.802643
0.0140569 -0.0245152 0.799949
0.016068 -0.026415 0.791433
0.0161505 -0.0287225 0.795496
0.0160974 -0.0307927 0.792879
0.0139908 -0.033095 0.796188
0.0160782 -0.0350803 0.791933
0.0161048 -0.037304 0.793243
0.0160233 -0.0392701 0.78923
0.0160867 -0.0415889 0.792356
0.0160082 -0.0435385 0.788485
0.0161128 -0.0459899 0.793639
0.016178 -0.0483517 0.796852
0.0204657 -0.0503708 0.794385
0.0226644 -0.0526092 0.795436
0.0247834 -0.0524975 0.793747
0.0269581 -0.0525123 0.793971
0.029146 -0.0525486 0.79452
0.0313358 -0.0525832 0.795044
0.0335961 -0.0527238 0.797169
0.0359177 -0.0529378 0.800405
0.0380618 -0.0528806 0.799541
0.0401015 -0.0526924 0.796694
0.0421672 -0.052556 0.794632
0.0443632 -0.0525874 0.795106
0.0464628 -0.0525068 0.793889
0.0486461 -0.0525239 0.794147
0.0508873 -0.0525994 0.795288
0.0531348 -0.0526749 0.79643
0.0552508 -0.0526193 0.795589
0.0574099 -0.0526074 0.795409
0.0596516 -0.0526692 0.796344
0.0619966 -0.0528148 0.798544
0.0641157 -0.0527644 0.797784
0.06625 -0.0527295 0.797256
0.0683518 -0.0526718 0.796383
0.0704241 -0.0525957 0.795232
0.072574 -0.0525803 0.794999
0.0747912 -0.0526131 0.795495
0.0770522 -0.052674 0.796417
0.0790285 -0.0525423 0.794425
0.0813721 -0.0526553 0.796134
0.0836065 -0.0526936 0.796713
0.0858906 -0.0527605 0.797724
0.0881498 -0.0528092 0.79846
0.0903838 -0.0528408 0.798938
0.0925567 -0.052836 0.798865
0.0946295 -0.0527756 0.797953
0.0968709 -0.0528098 0.79847
0.0991969 -0.0528877 0.799648
0.101412 -0.0529043 0.799898
0.103498 -0.0528543 0.799142
0.105747 -0.0528877 0.799647
0.108175 -0.0530078 0.801464
0.110523 -0.0530847 0.802626
0.112773 -0.0531122 0.803041
0.114897 -0.0530808 0.802567
0.116835 -0.052966 0.800831
0.118678 -0.0528132 0.79852
0.121072 -0.0529064 0.79993
0.123187 -0.0528768 0.799482
0.12563 -0.0529864 0.80114
0.129789 -0.0507152 0.799817
0.131764 -0.0484547 0.79855
0.133186 -0.0438446 0.794028
0.13296 -0.0416062 0.792684
0.133191 -0.0395105 0.794061
0.133755 -0.0375006 0.797422
0.13348 -0.0352507 0.795781
0.133389 -0.0330556 0.795239
0.133185 -0.0308372 0.794024
0.130602 -0.0285785 0.791508
0.130484 -0.0263936 0.790791
0.13082 -0.0242969 0.792827
0.13317 -0.0221633 0.793935
0.136709 -0.0198798 0.789336
0.138783 -0.0198682 0.788877
0.141219 -0.019908 0.790456
0.144063 -0.0200032 0.794234
0.14648 -0.0200373 0.795588
0.149133 -0.020102 0.798159
0.14658 -0.0171159 0.762221
0.146584 -0.0150353 0.762245
0.150123 -0.0130812 0.769716
0.152969 -0.0110334 0.77348
0.154478 -0.0109905 0.770474
0.158231 -0.013232 0.778591
0.16026 -0.0132241 0.778124
0.163254 -0.0132948 0.782288
0.166272 -0.0133657 0.78646
0.167609 -0.0133014 0.782676
0.169721 -0.0132995 0.782564
0.171082 -0.0111126 0.779031
0.175388 -0.00898833 0.779265
0.179081 -0.00683928 0.776825
0.180441 -0.00469858 0.773565
0.183424 -0.00259891 0.777255
0.182522 -0.000474488 0.773432
0.183841 0.0037327 0.770111
0.184264 0.00578255 0.763154
0.186522 0.00787351 0.76387
0.189867 0.00792607 0.768969
0.191449 0.00999853 0.766899
0.194213 0.0100331 0.769552
0.196334 0.00793288 0.76963
0.197288 0.00788702 0.765181
0.199965 0.00581502 0.767439
0.200926 0.00578238 0.763131
0.200833 0.00786225 0.762777
0.20211 0.010008 0.767626
0.202488 0.0121264 0.76906
0.201473 0.0141548 0.765207
0.204837 0.018448 0.769997
0.203874 0.0204537 0.76638
0.203743 0.0225316 0.765888
0.204064 0.0246614 0.767094
0.204835 0.0286649 0.76217
0.203407 0.0305314 0.756856
0.203316 0.0325833 0.756518
0.203045 0.0346025 0.755508
0.204512 0.0369302 0.760969
0.203644 0.0388421 0.757737
0.20282 0.0407455 0.754673
0.202383 0.0427135 0.753044
0.205837 0.0471458 0.758196
0.203676 0.051263 0.757857
0.204681 0.0551147 0.753938
0.204298 0.0570662 0.752527
0.208149 0.0596353 0.759077
0.206532 0.0632849 0.753182
0.206303 0.065925 0.759911
0.206057 0.0679189 0.759007
0.204265 0.0693823 0.752405
0.202463 0.0728424 0.745767
0.202658 0.0749506 0.746485
0.200961 0.0763439 0.740233
0.203181 0.0812741 0.748413
0.201181 0.0833355 0.748575
0.199054 0.0873864 0.748261
0.199605 0.089677 0.750333
0.203731 0.0926705 0.758063
0.201295 0.0945682 0.756686
0.200262 0.0981932 0.752801
0.200524 0.10038 0.753787
0.200314 0.103392 0.760806
0.200913 0.106761 0.755249
0.205228 0.11003 0.76363
0.20726 0.112087 0.763437
0.210211 0.112551 0.766597
0.207255 0.114168 0.763419
0.204315 0.115768 0.760235
0.203627 0.117446 0.757673
0.203881 0.119664 0.758619
0.206611 0.122125 0.761047
0.205756 0.125758 0.757895
0.208173 0.129329 0.7668
0.209691 0.132381 0.772391
0.21033 0.134899 0.774747
0.209984 0.136789 0.773471
0.204432 0.138679 0.76067
0.209391 0.140614 0.771286
0.210729 0.142202 0.768485
0.210278 0.143325 0.774554
0.208227 0.147599 0.774792
0.210683 0.152076 0.776045
0.207566 0.155565 0.772331
0.207985 0.157992 0.773891
0.205656 0.160401 0.765224
0.204979 0.161956 0.762704
0.210252 0.164451 0.774458
0.209197 0.169938 0.770572
0.206395 0.171813 0.760252
0.209364 0.17639 0.771186
0.207577 0.17877 0.772374
0.207953 0.181206 0.77377
0.20557 0.185188 0.772756
0.207932 0.187525 0.773692
0.207528 0.189269 0.77219
0.208486 0.192261 0.775756
0.208167 0.194081 0.774566
0.207802 0.197963 0.77321
0.209658 0.20186 0.780113
0.209612 0.203946 0.779945
0.209157 0.205628 0.778253
0.207892 0.208608 0.773545
0.208073 0.213017 0.774216
0.205713 0.21687 0.765435
0.20576 0.221101 0.765611
0.206152 0.223616 0.767069
0.204798 0.226309 0.762033
0.205833 0.229544 0.765884
0.205242 0.23097 0.763686
0.202976 0.232847 0.763003
0.205376 0.237708 0.772026
0.202394 0.238785 0.768706
0.199729 0.240202 0.766533
0.195768 0.240004 0.759284
0.194324 0.242863 0.761751
0.192604 0.247486 0.763178
0.190264 0.249233 0.762151
0.187692 0.252733 0.760159
0.184137 0.255636 0.762628
0.182212 0.257941 0.763287
0.046477 -0.0351777 0.794133
0.0486458 -0.0351782 0.794143
0.0508034 -0.0351708 0.793977
0.0530216 -0.0352043 0.794734
0.0552764 -0.0352586 0.795958
0.0574982 -0.0352884 0.796631
0.0595567 -0.0352196 0.795077
0.0616392 -0.0351692 0.79394
0.0637363 -0.0351303 0.793062
0.0659249 -0.0351428 0.793344
0.0680189 -0.0351056 0.792505
0.0702951 -0.0351619 0.793775
0.0723953 -0.0351293 0.793041
0.0746045 -0.0351501 0.793509
0.0766072 -0.0350751 0.791817
0.0788961 -0.0351317 0.793094
0.0810397 -0.0351223 0.792882
0.0833668 -0.0351908 0.794429
0.0853988 -0.0351345 0.793157
0.087537 -0.0351235 0.792909
0.0894076 -0.0350083 0.790309
0.0915803 -0.0350141 0.790438
0.0936413 -0.0349778 0.78962
0.0960565 -0.0350725 0.791757
0.0982758 -0.0350931 0.792222
0.100534 -0.0351265 0.792977
0.102316 -0.0349953 0.790014
0.104183 -0.0348982 0.787822
0.106375 -0.0349117 0.788126
0.108647 -0.0349504 0.789001
0.110972 -0.0350042 0.790215
0.11302 -0.0349705 0.789455
0.115504 -0.0350703 0.791709
0.117753 -0.0350964 0.792296
0.119758 -0.0350499 0.791247
0.122215 -0.0329698 0.793176
0.122097 -0.0307744 0.792407
0.122571 -0.028722 0.795484
0.121834 -0.0263907 0.790705
0.122183 -0.0243012 0.792968
0.121788 -0.0220646 0.790403
0.122464 -0.0200172 0.79479
0.122271 -0.0178191 0.79354
0.122249 -0.0156497 0.793394
0.120839 -0.0135685 0.79839
0.120629 -0.0113689 0.797001
0.120241 -0.00916336 0.79444
0.120621 -0.00701646 0.796949
0.116667 -0.00476797 0.78499
0.114911 -0.00478409 0.787643
0.113671 -0.00482271 0.794003
0.111389 -0.00265218 0.793185
0.109371 -0.000487264 0.794258
0.106309 0.00166723 0.787642
0.104376 0.00167071 0.789284
0.102715 0.00167877 0.793095
0.100966 0.00566811 0.74805
0.0983101 0.00563298 0.743413
0.0971003 0.00568094 0.749744
0.0941686 0.00562807 0.742766
0.0920042 0.00561973 0.741665
0.0896892 0.00560162 0.739274
0.0877006 0.00560351 0.739525
0.0862224 0.00563889 0.744194
0.0845578 0.00566348 0.747439
0.0825063 0.00770315 0.747341
0.0808159 0.00773666 0.750592
0.0781191 0.00767306 0.744422
0.0758302 0.0056216 0.741912
0.073387 0.00558979 0.737714
0.0716177 0.00560897 0.740245
0.0697086 0.005618 0.741436
0.0672778 0.00759637 0.736982
0.0653647 0.0076079 0.738101
0.0617333 0.0056291 0.742902
0.0593361 0.00559432 0.738312
0.0576899 0.00563039 0.743072
0.055499 0.00561398 0.740907
0.0535682 0.00562364 0.742181
0.0517468 0.00564601 0.745133
0.0496894 0.00767683 0.744788
0.0478548 0.00770885 0.747895
0.0455314 0.00766149 0.7433
0.0435492 0.00766979 0.744106
0.0414079 0.00562333 0.74214
0.0392486 0.00165053 0.77975
0.0358059 -0.00266799 0.797913
0.0334417 -0.00265325 0.793507
0.0314379 -0.00484476 0.797633
0.0316027 -0.00924841 0.801813
0.029425 -0.009252 0.802125
0.0272731 -0.00926494 0.803247
0.0249662 -0.011406 0.799601
0.0249295 -0.0135691 0.798426
0.0249029 -0.0157322 0.797574
0.0248954 -0.0179044 0.797335
0.0249224 -0.020103 0.798197
0.0249349 -0.0222934 0.798598
0.0249765 -0.0245146 0.79993
0.0249325 -0.0266515 0.798521
0.0249566 -0.0288595 0.799292
0.0248166 -0.0308677 0.794809
0.0271151 -0.033195 0.798594
0.0290469 -0.0350752 0.791818
0.0311834 -0.0350468 0.791177
0.033326 -0.0350283 0.790761
0.0355982 -0.0351401 0.793284
0.037827 -0.0351987 0.794607
0.040008 -0.0352089 0.794836
0.0421823 -0.0352124 0.794916
0.0442584 -0.0351376 0.793227
0.193027 0.137949 0.756668
0.187103 0.137186 0.74138
0.186755 0.134911 0.740001
0.192704 0.135656 0.7554
0.0186489 -0.00933907 0.809673
0.0164908 -0.00936889 0.812258
0.0140329 -0.0113915 0.798584
0.0118626 -0.0114011 0.799257
0.00961486 -0.00915649 0.793844
0.00957022 -0.00695667 0.790158
0.00952695 -0.00477767 0.786586
0.0117345 -0.00264363 0.790629
0.0137296 -0.000479328 0.781322
0.0158444 -0.000478774 0.78042
0.0180735 -0.000481394 0.78469
0.0201778 -0.000480488 0.783212
0.0229199 -0.00268968 0.804403
0.02494 -0.00485162 0.798761
0.0251168 -0.00708226 0.804424
0.022993 -0.00930785 0.806966
0.0207973 -0.00931123 0.80726
0.198128 0.0402114 0.74478
0.197896 0.0361022 0.743907
0.0331339 0.00559475 0.738369
0.0306793 0.00164764 0.778386
0.0284531 0.00164181 0.775633
0.0250189 0.0055833 0.736857
0.02714 0.0076258 0.739837
0.029173 0.00762921 0.740169
0.0311124 0.0076093 0.738237
-0.0492167 0.0245946 0.765014
-0.0493547 0.022569 0.767159
-0.0470207 0.0203707 0.76327
-0.0446852 0.0202567 0.758998
-0.042358 0.0242551 0.754456
-0.0444471 0.0263323 0.754953
-0.0469823 0.0266007 0.762647
0.122963 0.0016314 0.770714
0.121066 0.0016342 0.772036
0.119226 0.00566239 0.747295
0.119124 0.00769608 0.746656
0.122842 0.00970621 0.744477
0.125066 0.00768542 0.745621
0.12705 0.00564738 0.745315
0.124958 0.00162997 0.770041
0.199902 0.0264818 0.759239
0.194711 0.0240242 0.747273
0.193856 0.02595 0.743992
0.194013 0.0280039 0.744593
0.199649 0.0285186 0.758279
-0.0498443 0.0583902 0.743228
-0.0535964 0.0600761 0.739005
-0.0538171 0.0623493 0.742048
-0.0497195 0.0643162 0.741367
-0.0479758 0.0626583 0.745725
-0.0478971 0.0605229 0.744502
0.199438 0.0305565 0.757477
0.193665 0.029983 0.74326
-0.0358203 0.0321727 0.746985
-0.0397034 0.0340443 0.74332
-0.0419986 0.0301764 0.748055
-0.0398711 0.0280741 0.74646
-0.0357379 0.030064 0.745268
