-0.0987272 0.246539
-0.105457 0.245635
-0.107135 0.242626
-0.108699 0.239416
-0.111839 0.237558
-0.115075 0.235733
-0.118565 0.234245
-0.116064 0.231378
-0.115648 0.228429
-0.117863 0.224372
-0.115907 0.220444
-0.114451 0.219773
-0.112693 0.216229
-0.112896 0.21451
-0.113005 0.210784
-0.110497 0.20789
-0.10788 0.204775
-0.105324 0.203665
-0.103859 0.202887
-0.099397 0.202237
-0.0964594 0.200475
-0.0942616 0.200207
-0.0898644 0.197567
-0.0876069 0.197129
-0.085281 0.196513
-0.0829696 0.1959
-0.0809515 0.195966
-0.0789706 0.196128
-0.0770508 0.196454
-0.0750986 0.196713
-0.0733256 0.19747
-0.0679214 0.197682
-0.0657462 0.197413
-0.0637161 0.197577
-0.0617083 0.197824
-0.0610973 0.197931
-0.0597669 0.198308
-0.0591535 0.198343
-0.0571183 0.198468
-0.0556134 0.198419
-0.0533757 0.197885
-0.0507927 0.198043
-0.0486261 0.197641
-0.0465563 0.197615
-0.0444188 0.197285
-0.0423056 0.197037
-0.0401776 0.196691
-0.0382194 0.197183
-0.0343667 0.198715
-0.0322099 0.198211
-0.0301391 0.198203
-0.0281923 0.199069
-0.0261571 0.199398
-0.0240074 0.198837
-0.021955 0.199052
-0.0198496 0.19878
-0.0176417 0.19936
-0.0157241 0.199103
-0.0136391 0.199013
-0.0115529 0.198871
-0.00947642 0.19887
-0.00738908 0.198577
-0.00531181 0.198431
-0.00324178 0.198542
-0.00116761 0.198343
0.000904556 0.198617
0.00298172 0.198843
0.00713874 0.198975
0.0112773 0.198685
0.0134153 0.197546
0.0153116 0.197207
0.0173929 0.197461
0.0195081 0.198004
0.0214771 0.199158
0.0237759 0.199117
0.0259066 0.199516
0.0279338 0.199117
0.031729 0.198921
0.035483 0.196939
0.0378348 0.194498
0.0360341 0.189665
0.0334906 0.184965
0.0314801 0.181046
0.0341087 0.173852
0.0342928 0.172704
0.0325482 0.168211
0.0325923 0.166328
0.0336677 0.161362
0.0336754 0.159351
0.0336836 0.15734
0.0336072 0.154939
0.035238 0.15314
0.0355493 0.152454
0.0376834 0.148752
0.0391917 0.14473
0.0393904 0.143437
0.0414792 0.141623
0.0433588 0.139111
0.0456033 0.137758
0.0474787 0.135278
0.0492984 0.134715
0.0517787 0.131859
0.0517814 0.12983
0.0513814 0.126807
0.0513309 0.124664
0.0517113 0.123555
0.051842 0.117753
0.0508641 0.113532
0.0552991 0.110403
0.0574239 0.110613
0.0616449 0.10689
0.0629108 0.105615
0.0648353 0.10549
0.0669147 0.105617
0.0691181 0.105927
0.071342 0.10625
0.0735707 0.106562
0.0762575 0.105466
0.0782572 0.107452
0.0801707 0.109321
0.0813719 0.110227
0.0839247 0.110942
0.0860973 0.113161
0.0879669 0.114981
0.0882504 0.117384
0.0908523 0.122214
0.0929464 0.12637
0.0934584 0.129123
0.0929743 0.130501
0.0935278 0.135395
0.0958589 0.137845
0.0985843 0.139981
0.100654 0.144102
0.100729 0.146246
0.103256 0.14899
0.105667 0.151559
0.108071 0.152051
0.109418 0.157207
0.110264 0.162551
0.110914 0.165584
0.110372 0.16684
0.107796 0.170165
0.107577 0.171872
0.107493 0.175838
0.108054 0.178816
0.104677 0.180665
0.103157 0.185663
0.103835 0.188942
0.104257 0.191777
0.10724 0.195513
0.108835 0.196713
0.113157 0.197539
0.116003 0.196863
0.118437 0.197495
0.120721 0.197859
0.122961 0.198139
0.12504 0.198156
0.126977 0.19795
0.128644 0.197335
0.131388 0.198368
0.133566 0.198528
0.136866 0.197308
0.139275 0.197804
0.142153 0.198941
0.144196 0.198893
0.147085 0.197198
0.149794 0.198058
0.152757 0.198601
0.155252 0.19917
0.15903 0.199266
0.160646 0.198692
0.162904 0.198915
0.166188 0.199946
0.168141 0.199811
0.169555 0.199047
0.171926 0.199412
0.174111 0.199555
0.176742 0.200199
0.180898 0.197955
0.183439 0.198492
0.186043 0.199083
0.189313 0.200367
0.191489 0.200382
0.193268 0.200101
0.195011 0.199841
0.198006 0.200784
0.201114 0.19975
0.204105 0.200696
0.205861 0.200407
0.207916 0.200412
0.211843 0.200136
0.215151 0.201296
0.219477 0.201784
0.222601 0.200716
0.224622 0.200688
0.227205 0.201157
0.230757 0.202469
0.233929 0.203695
0.235558 0.203322
0.23826 0.203572
0.23922 0.204694
0.240891 0.206422
0.24461 0.209906
0.247512 0.210603
0.249015 0.212193
0.252149 0.217267
0.253766 0.219514
0.254997 0.220298
0.259838 0.222661
0.257558 0.226967
0.25807 0.229509
0.259184 0.232599
0.254903 0.237018
0.252006 0.240354
0.249982 0.242446
0.247983 0.246622
0.244494 0.249323
0.24319 0.252176
0.239198 0.254406
0.236631 0.253874
0.235257 0.248176
0.22944 0.250538
0.226919 0.250009
0.22276 0.251947
0.221956 0.2554
0.221855 0.25733
0.219858 0.257387
0.218279 0.25794
0.215258 0.257585
0.213291 0.257722
0.209683 0.253794
0.206325 0.254753
0.202499 0.251004
0.197249 0.250175
0.195931 0.249065
0.190983 0.248086
0.189758 0.247122
0.188789 0.246498
0.185716 0.243127
0.183366 0.2407
0.18083 0.238025
0.175892 0.237742
0.171072 0.234805
0.167429 0.233483
0.165731 0.234062
0.163354 0.233684
0.16147 0.234011
0.157208 0.228771
0.154801 0.228294
0.152867 0.228512
0.150016 0.227345
0.148199 0.227737
0.145923 0.227422
0.143518 0.228113
0.141438 0.232336
0.135896 0.232131
0.132368 0.235321
0.130638 0.238058
0.128512 0.240086
0.127336 0.243933
0.125374 0.246324
0.12356 0.249029
0.121196 0.250627
0.115915 0.250445
0.114201 0.253373
0.112263 0.255835
0.109348 0.253945
0.106726 0.252673
0.104511 0.252335
0.102389 0.252214
0.100564 0.252833
0.098337 0.252445
0.0964775 0.253005
0.0940909 0.252177
0.0919293 0.251928
0.0895571 0.251077
0.0873316 0.250608
0.085108 0.250121
0.0830458 0.250096
0.0810961 0.250417
0.0772445 0.25333
0.0749563 0.25463
0.0730984 0.257389
0.0708533 0.256728
0.0682967 0.256909
0.0667188 0.256654
0.064752 0.254952
0.0610709 0.254721
0.0588647 0.252083
0.0527112 0.250282
0.050805 0.251102
0.0488224 0.253683
0.0467073 0.25351
0.044604 0.253387
0.0426138 0.253928
0.0406042 0.254401
0.0386257 0.255131
0.0364414 0.254508
0.0343752 0.254685
0.0324274 0.255818
0.0321034 0.251183
0.0261812 0.250051
0.0221284 0.249725
0.0200442 0.250177
0.0178883 0.247613
0.0158364 0.244429
0.0115406 0.241536
0.00946094 0.240513
0.005152 0.23638
0.00305466 0.23561
0.00299981 0.229291
-0.0011804 0.227732
-0.00327708 0.227947
-0.00537966 0.228244
-0.00749636 0.228805
-0.00960686 0.228973
-0.0116893 0.228531
-0.0159308 0.229101
-0.0181095 0.230022
-0.0202875 0.230742
-0.0268751 0.234819
-0.0291168 0.23565
-0.0353026 0.236097
-0.0394435 0.237495
-0.0436037 0.23913
-0.0458274 0.241795
-0.0515532 0.242983
-0.0538458 0.245967
-0.056095 0.248707
-0.0587477 0.25315
-0.0607482 0.254733
-0.0645158 0.254939
-0.0686369 0.256674
-0.072941 0.256986
-0.0749967 0.256799
-0.0779939 0.256995
-0.0817323 0.255699
-0.0838373 0.255819
-0.0843376 0.255266
-0.0863486 0.25091
-0.0882132 0.248233
-0.0920548 0.247418
-0.0946143 0.248716
