0.11086 0.260306 0.789421
0.115526 0.258948 0.791858
0.117857 0.254989 0.792992
0.120123 0.250869 0.793659
0.122536 0.247033 0.795261
0.12225 0.244289 0.7934
0.124546 0.242377 0.794233
0.126846 0.238287 0.795057
0.129279 0.234422 0.796674
0.128998 0.23174 0.794937
0.131251 0.229715 0.79544
0.130928 0.226984 0.793484
0.133038 0.224723 0.79315
0.135333 0.220603 0.793909
0.134999 0.217895 0.791945
0.134219 0.214487 0.787372
0.136724 0.210734 0.78942
0.1392 0.206902 0.791248
0.139377 0.205001 0.792251
0.138534 0.201611 0.787458
0.14172 0.198764 0.793257
0.145093 0.196064 0.799914
0.14494 0.193676 0.799073
0.144265 0.190602 0.795348
0.14445 0.188673 0.796371
0.143853 0.185728 0.79308
0.143593 0.183231 0.791648
0.143493 0.180943 0.791095
0.143211 0.178431 0.789537
0.143472 0.176598 0.79098
0.142836 0.173664 0.78747
0.142996 0.171707 0.788355
0.142551 0.169026 0.785898
0.142785 0.167156 0.787193
0.142429 0.164595 0.785229
0.142609 0.162656 0.786223
0.142152 0.159995 0.7837
0.142413 0.158145 0.78514
0.142254 0.155827 0.784261
0.142579 0.154038 0.786057
0.142394 0.151694 0.785036
0.142775 0.149951 0.787138
0.142775 0.147802 0.787136
0.143347 0.146236 0.790289
0.143004 0.143734 0.788399
0.143112 0.141689 0.788996
0.142666 0.1391 0.786537
0.143424 0.13768 0.790716
0.143532 0.135623 0.791309
0.143885 0.133791 0.793257
0.143542 0.131311 0.791365
0.144078 0.129633 0.794322
0.144514 0.12785 0.796722
0.145049 0.12614 0.799671
0.14504 0.123949 0.799624
0.145541 0.122186 0.802384
0.145782 0.120194 0.803712
0.14056 0.121956 0.786764
0.138669 0.12003 0.788225
0.13831 0.117573 0.786187
0.138799 0.115835 0.788969
0.138759 0.113648 0.788741
0.139582 0.112156 0.793418
0.13949 0.109917 0.792894
0.140286 0.108367 0.797419
0.140563 0.1064 0.798991
0.137304 0.103407 0.792773
0.13723 0.101188 0.792344
0.134748 0.0987911 0.790476
0.134909 0.0967484 0.791421
0.132643 0.0945127 0.790794
0.13232 0.0921285 0.788866
0.133064 0.0904805 0.7933
0.133087 0.0883301 0.793439
0.130351 0.0857885 0.789983
0.130293 0.0835946 0.789633
0.131106 0.0819473 0.794564
0.131271 0.079878 0.79556
0.128773 0.0775097 0.793551
0.129033 0.0754952 0.795152
0.129998 0.073873 0.801104
0.129406 0.0713592 0.797454
0.130301 0.0696604 0.802969
0.13029 0.0674625 0.802902
0.127308 0.0648677 0.797947
0.12749 0.0627789 0.799091
0.124604 0.0602566 0.794599
0.124807 0.058182 0.795896
0.122205 0.0558129 0.793109
0.122222 0.0536551 0.793222
0.122601 0.0516492 0.795683
0.122651 0.0494968 0.796005
0.123256 0.0475571 0.799933
0.123828 0.0455836 0.803644
0.120834 0.0431043 0.798361
0.120839 0.0409262 0.798394
0.121305 0.0388957 0.80147
0.120938 0.0365965 0.799046
0.12161 0.0346061 0.803485
0.12132 0.0323351 0.801566
0.121523 0.0301972 0.802911
0.120738 0.027824 0.797721
0.1208 0.0256593 0.798131
0.120613 0.023444 0.796901
0.12047 0.021243 0.795954
0.12042 0.0190619 0.795621
0.123149 0.0169665 0.79924
0.128165 0.0195815 0.817307
0.127747 0.0172934 0.81464
0.127121 0.0149955 0.810653
0.12658 0.0127278 0.807202
0.126172 0.01049 0.804596
0.125843 0.00827169 0.8025
0.125535 0.0060658 0.800535
0.125361 0.0038748 0.79943
0.125452 0.00169341 0.800007
0.1252 -0.000489806 0.798401
0.125025 -0.00266589 0.797287
0.124459 -0.00482073 0.793677
0.123955 -0.00695936 0.790464
0.123905 -0.00911382 0.790144
0.122136 -0.011307 0.792665
0.119342 -0.0112476 0.788499
0.116829 -0.0112131 0.786079
0.114088 -0.0111549 0.782
0.111645 -0.0111242 0.779849
0.109082 -0.0110801 0.776758
0.107259 -0.0111109 0.778918
0.104989 -0.0110958 0.777859
0.10287 -0.0110964 0.777897
0.100047 -0.0110193 0.772497
0.097462 -0.0109658 0.768743
0.0952126 -0.0109485 0.767529
0.0933186 -0.0109722 0.76919
0.0910416 -0.0109509 0.767698
0.088529 -0.0108996 0.764102
0.0861664 -0.0108647 0.761659
0.0842208 -0.0108821 0.762872
0.0823627 -0.0109118 0.764958
0.0803764 -0.0109257 0.765933
0.0782767 -0.0109245 0.765849
0.0757615 -0.0108637 0.761584
0.0735829 -0.010849 0.760558
0.0715548 -0.0108564 0.761072
0.069859 -0.0109161 0.765258
0.0678584 -0.0109304 0.76626
0.0658482 -0.010944 0.767213
0.0635986 -0.0109174 0.765349
0.0616373 -0.0109402 0.766945
0.0594825 -0.010929 0.766161
0.0575877 -0.0109665 0.76879
0.0554307 -0.010955 0.767987
0.0534593 -0.0109808 0.769793
0.0514525 -0.011001 0.771214
0.0495061 -0.0110365 0.773703
0.0474579 -0.0110515 0.77475
0.045399 -0.0110652 0.775712
0.0433975 -0.011095 0.777798
0.0414957 -0.0111546 0.781977
0.0395273 -0.0112018 0.785287
0.0374472 -0.0112209 0.786629
0.0352089 -0.0111921 0.78461
0.0331718 -0.0112277 0.787102
0.0311894 -0.011288 0.791328
0.0289375 -0.00909872 0.788836
0.0269699 -0.00916195 0.794317
0.0270619 -0.00701714 0.797027
0.0270651 -0.00484166 0.797123
0.0291997 -0.00266154 0.795984
0.0290999 -0.000486655 0.793265
0.0292324 0.00168677 0.796874
0.0291293 0.0038488 0.794065
0.0274105 0.00611702 0.807295
0.0273861 0.0083137 0.806576
0.0275294 0.0105709 0.810797
0.0274523 0.0127487 0.808524
0.0276013 0.0150373 0.812913
0.027571 0.0172378 0.812022
0.0295401 0.0192929 0.805263
0.029625 0.0215532 0.807577
0.0296812 0.0238032 0.809111
0.0297331 0.0260577 0.810524
0.0296512 0.0281927 0.808292
0.0297859 0.0305376 0.811963
0.02975 0.032715 0.810985
0.0298721 0.0350725 0.814314
0.0300308 0.037494 0.81864
0.0299409 0.0418385 0.81619
0.0313278 0.0450842 0.79484
0.031427 0.047404 0.797357
0.0312904 0.0493654 0.793891
0.0314382 0.0517763 0.797641
0.0292775 0.0539855 0.798106
0.0293031 0.0562135 0.798802
0.027188 0.0585363 0.800743
0.0271758 0.060695 0.800381
0.0270506 0.0625906 0.796694
0.0270567 0.0647803 0.796873
0.0249151 0.0670478 0.797966
0.0249522 0.0693294 0.799153
0.0228395 0.0717286 0.801582
0.022822 0.0738604 0.800967
0.0226968 0.0756298 0.79657
0.0227338 0.0779315 0.79787
0.0206003 0.0802849 0.799613
0.0206218 0.0825538 0.800445
0.01852 0.0851236 0.804076
0.0184487 0.0869826 0.800979
0.0163017 0.089388 0.802942
0.0162923 0.0915274 0.802479
0.016176 0.0930496 0.796753
0.0162255 0.0955164 0.799192
0.0161765 0.097403 0.796776
0.0162008 0.0997279 0.797972
0.0140556 0.10215 0.799879
0.0140494 0.104287 0.799522
0.0139812 0.105954 0.795643
0.0140128 0.10837 0.797442
0.0139281 0.10988 0.792623
0.0139525 0.11224 0.794012
0.0117986 0.114542 0.794945
0.00978573 0.116416 0.807952
0.00977147 0.118449 0.806775
0.00971934 0.120008 0.802471
0.00971453 0.122139 0.802073
0.00760247 0.125614 0.810363
0.00759665 0.127728 0.809743
0.00757882 0.129634 0.807843
0.00758288 0.13191 0.808276
0.00754265 0.133406 0.803987
0.00754462 0.135636 0.804198
0.00752033 0.137388 0.801608
0.00753161 0.139786 0.80281
0.00538772 0.143253 0.810022
0.00537708 0.145177 0.808421
0.0053756 0.147344 0.8082
0.00539836 0.150184 0.811621
0.00537941 0.151864 0.808771
0.00538125 0.154125 0.809049
0.00535221 0.15549 0.804682
0.00535171 0.157673 0.804608
0.00533385 0.159336 0.801921
0.00535917 0.162292 0.805729
0.0053645 0.164656 0.80653
0.00750159 0.167609 0.79961
0.0075229 0.170275 0.801882
0.00750663 0.172091 0.800148
0.00752302 0.174656 0.801895
0.00750455 0.176411 0.799926
0.00754148 0.179474 0.803863
0.00753425 0.181495 0.803092
0.00966422 0.184683 0.79792
0.00969991 0.187551 0.800866
0.0096931 0.189605 0.800304
0.00973275 0.192574 0.803578
0.00973693 0.194852 0.803923
0.011813 0.197258 0.795921
0.011892 0.200765 0.801242
0.0119009 0.203103 0.801838
0.0140004 0.206162 0.796736
0.0140785 0.209499 0.801182
0.0162289 0.213387 0.799356
0.0163185 0.21676 0.803772
0.0143253 0.219849 0.815226
0.0143286 0.222126 0.815414
0.0165074 0.225929 0.813077
0.0186714 0.229681 0.810651
0.0208474 0.23148 0.809202
0.0209515 0.234856 0.813242
0.0230316 0.237849 0.80832
0.0252163 0.24205 0.807611
0.0273897 0.243974 0.806682
0.0274355 0.246588 0.80803
0.0295709 0.250402 0.806104
0.0316588 0.253897 0.803238
0.031784 0.257103 0.806415
0.0316618 0.258308 0.803313
0.0358599 0.25914 0.799117
0.0377519 0.259331 0.793031
0.0418028 0.25976 0.787765
0.0438106 0.258915 0.785202
0.0458682 0.25843 0.783729
0.0479708 0.25823 0.783123
0.0500384 0.260001 0.782021
0.0520434 0.259353 0.780071
0.054142 0.259204 0.779623
0.0561602 0.258696 0.778094
0.0582804 0.258677 0.778038
0.0603242 0.258333 0.777002
0.0645579 0.260417 0.776893
0.0666671 0.260371 0.776755
0.068737 0.25806 0.776181
0.070818 0.257921 0.775763
0.0729376 0.257926 0.77578
0.0750528 0.260035 0.775751
0.0770496 0.259626 0.774532
0.0792279 0.259835 0.775155
0.0814474 0.260165 0.776138
0.0834682 0.257742 0.775226
0.085615 0.257833 0.7755
0.0876662 0.257639 0.774916
0.0898598 0.257863 0.775588
0.0918849 0.257604 0.774809
0.094143 0.257995 0.775985
0.0962361 0.257926 0.77578
0.0985269 0.258379 0.777142
0.100613 0.258287 0.776864
0.103017 0.258999 0.779007
0.10544 0.259727 0.781197
0.108252 0.259222 0.786132
0.070284 0.0373643 0.769913
0.0739546 0.0412706 0.764399
0.0762703 0.0413948 0.766698
0.0782037 0.0392214 0.765135
0.076092 0.0350329 0.764906
0.0723111 0.0331259 0.769116
0.0701624 0.0352013 0.768582
0.0686202 0.12678 0.751688
0.0703651 0.124185 0.748419
0.0724753 0.122255 0.74911
0.0746377 0.122447 0.750287
0.0767361 0.124576 0.750776
0.0789183 0.126839 0.752038
0.078565 0.132403 0.748671
0.0763605 0.136205 0.747101
0.0742545 0.136084 0.746435
0.0722147 0.134042 0.746416
0.0710314 0.131549 0.755506
0.0687388 0.129055 0.752987
