0.11086 0.260306
0.115526 0.258948
0.117857 0.254989
0.120123 0.250869
0.122536 0.247033
0.12225 0.244289
0.124546 0.242377
0.126846 0.238287
0.129279 0.234422
0.128998 0.23174
0.131251 0.229715
0.130928 0.226984
0.133038 0.224723
0.135333 0.220603
0.134999 0.217895
0.134219 0.214487
0.136724 0.210734
0.1392 0.206902
0.139377 0.205001
0.138534 0.201611
0.14172 0.198764
0.145093 0.196064
0.14494 0.193676
0.144265 0.190602
0.14445 0.188673
0.143853 0.185728
0.143593 0.183231
0.143493 0.180943
0.143211 0.178431
0.143472 0.176598
0.142836 0.173664
0.142996 0.171707
0.142551 0.169026
0.142785 0.167156
0.142429 0.164595
0.142609 0.162656
0.142152 0.159995
0.142413 0.158145
0.142254 0.155827
0.142579 0.154038
0.142394 0.151694
0.142775 0.149951
0.142775 0.147802
0.143347 0.146236
0.143004 0.143734
0.143112 0.141689
0.142666 0.1391
0.143424 0.13768
0.143532 0.135623
0.143885 0.133791
0.143542 0.131311
0.144078 0.129633
0.144514 0.12785
0.145049 0.12614
0.14504 0.123949
0.145541 0.122186
0.145782 0.120194
0.14056 0.121956
0.138669 0.12003
0.13831 0.117573
0.138799 0.115835
0.138759 0.113648
0.139582 0.112156
0.13949 0.109917
0.140286 0.108367
0.140563 0.1064
0.137304 0.103407
0.13723 0.101188
0.134748 0.0987911
0.134909 0.0967484
0.132643 0.0945127
0.13232 0.0921285
0.133064 0.0904805
0.133087 0.0883301
0.130351 0.0857885
0.130293 0.0835946
0.131106 0.0819473
0.131271 0.079878
0.128773 0.0775097
0.129033 0.0754952
0.129998 0.073873
0.129406 0.0713592
0.130301 0.0696604
0.13029 0.0674625
0.127308 0.0648677
0.12749 0.0627789
0.124604 0.0602566
0.124807 0.058182
0.122205 0.0558129
0.122222 0.0536551
0.122601 0.0516492
0.122651 0.0494968
0.123256 0.0475571
0.123828 0.0455836
0.120834 0.0431043
0.120839 0.0409262
0.121305 0.0388957
0.120938 0.0365965
0.12161 0.0346061
0.12132 0.0323351
0.121523 0.0301972
0.120738 0.027824
0.1208 0.0256593
0.120613 0.023444
0.12047 0.021243
0.12042 0.0190619
0.123149 0.0169665
0.128165 0.0195815
0.127747 0.0172934
0.127121 0.0149955
0.12658 0.0127278
0.126172 0.01049
0.125843 0.00827169
0.125535 0.0060658
0.125361 0.0038748
0.125452 0.00169341
0.1252 -0.000489806
0.125025 -0.00266589
0.124459 -0.00482073
0.123955 -0.00695936
0.123905 -0.00911382
0.122136 -0.011307
0.119342 -0.0112476
0.116829 -0.0112131
0.114088 -0.0111549
0.111645 -0.0111242
0.109082 -0.0110801
0.107259 -0.0111109
0.104989 -0.0110958
0.10287 -0.0110964
0.100047 -0.0110193
0.097462 -0.0109658
0.0952126 -0.0109485
0.0933186 -0.0109722
0.0910416 -0.0109509
0.088529 -0.0108996
0.0861664 -0.0108647
0.0842208 -0.0108821
0.0823627 -0.0109118
0.0803764 -0.0109257
0.0782767 -0.0109245
0.0757615 -0.0108637
0.0735829 -0.010849
0.0715548 -0.0108564
0.069859 -0.0109161
0.0678584 -0.0109304
0.0658482 -0.010944
0.0635986 -0.0109174
0.0616373 -0.0109402
0.0594825 -0.010929
0.0575877 -0.0109665
0.0554307 -0.010955
0.0534593 -0.0109808
0.0514525 -0.011001
0.0495061 -0.0110365
0.0474579 -0.0110515
0.045399 -0.0110652
0.0433975 -0.011095
0.0414957 -0.0111546
0.0395273 -0.0112018
0.0374472 -0.0112209
0.0352089 -0.0111921
0.0331718 -0.0112277
0.0311894 -0.011288
0.0289375 -0.00909872
0.0269699 -0.00916195
0.0270619 -0.00701714
0.0270651 -0.00484166
0.0291997 -0.00266154
0.0290999 -0.000486655
0.0292324 0.00168677
0.0291293 0.0038488
0.0274105 0.00611702
0.0273861 0.0083137
0.0275294 0.0105709
0.0274523 0.0127487
0.0276013 0.0150373
0.027571 0.0172378
0.0295401 0.0192929
0.029625 0.0215532
0.0296812 0.0238032
0.0297331 0.0260577
0.0296512 0.0281927
0.0297859 0.0305376
0.02975 0.032715
0.0298721 0.0350725
0.0300308 0.037494
0.0299409 0.0418385
0.0313278 0.0450842
0.031427 0.047404
0.0312904 0.0493654
0.0314382 0.0517763
0.0292775 0.0539855
0.0293031 0.0562135
0.027188 0.0585363
0.0271758 0.060695
0.0270506 0.0625906
0.0270567 0.0647803
0.0249151 0.0670478
0.0249522 0.0693294
0.0228395 0.0717286
0.022822 0.0738604
0.0226968 0.0756298
0.0227338 0.0779315
0.0206003 0.0802849
0.0206218 0.0825538
0.01852 0.0851236
0.0184487 0.0869826
0.0163017 0.089388
0.0162923 0.0915274
0.016176 0.0930496
0.0162255 0.0955164
0.0161765 0.097403
0.0162008 0.0997279
0.0140556 0.10215
0.0140494 0.104287
0.0139812 0.105954
0.0140128 0.10837
0.0139281 0.10988
0.0139525 0.11224
0.0117986 0.114542
0.00978573 0.116416
0.00977147 0.118449
0.00971934 0.120008
0.00971453 0.122139
0.00760247 0.125614
0.00759665 0.127728
0.00757882 0.129634
0.00758288 0.13191
0.00754265 0.133406
0.00754462 0.135636
0.00752033 0.137388
0.00753161 0.139786
0.00538772 0.143253
0.00537708 0.145177
0.0053756 0.147344
0.00539836 0.150184
0.00537941 0.151864
0.00538125 0.154125
0.00535221 0.15549
0.00535171 0.157673
0.00533385 0.159336
0.00535917 0.162292
0.0053645 0.164656
0.00750159 0.167609
0.0075229 0.170275
0.00750663 0.172091
0.00752302 0.174656
0.00750455 0.176411
0.00754148 0.179474
0.00753425 0.181495
0.00966422 0.184683
0.00969991 0.187551
0.0096931 0.189605
0.00973275 0.192574
0.00973693 0.194852
0.011813 0.197258
0.011892 0.200765
0.0119009 0.203103
0.0140004 0.206162
0.0140785 0.209499
0.0162289 0.213387
0.0163185 0.21676
0.0143253 0.219849
0.0143286 0.222126
0.0165074 0.225929
0.0186714 0.229681
0.0208474 0.23148
0.0209515 0.234856
0.0230316 0.237849
0.0252163 0.24205
0.0273897 0.243974
0.0274355 0.246588
0.0295709 0.250402
0.0316588 0.253897
0.031784 0.257103
0.0316618 0.258308
0.0358599 0.25914
0.0377519 0.259331
0.0418028 0.25976
0.0438106 0.258915
0.0458682 0.25843
0.0479708 0.25823
0.0500384 0.260001
0.0520434 0.259353
0.054142 0.259204
0.0561602 0.258696
0.0582804 0.258677
0.0603242 0.258333
0.0645579 0.260417
0.0666671 0.260371
0.068737 0.25806
0.070818 0.257921
0.0729376 0.257926
0.0750528 0.260035
0.0770496 0.259626
0.0792279 0.259835
0.0814474 0.260165
0.0834682 0.257742
0.085615 0.257833
0.0876662 0.257639
0.0898598 0.257863
0.0918849 0.257604
0.094143 0.257995
0.0962361 0.257926
0.0985269 0.258379
0.100613 0.258287
0.103017 0.258999
0.10544 0.259727
0.108252 0.259222
0.070284 0.0373643
0.0739546 0.0412706
0.0762703 0.0413948
0.0782037 0.0392214
0.076092 0.0350329
0.0723111 0.0331259
0.0701624 0.0352013
